image: map.pgm
origin: [-7.23, -7.2, 0.000000]
resolution: 0.041666666666666664
negate: 0
occupied_thresh: 0.65
free_thresh: 0.196

